3.940000000000000000e+02 5.820000000000000000e+02
4.310000000000000000e+02 5.840000000000000000e+02
4.720000000000000000e+02 5.880000000000000000e+02
5.120000000000000000e+02 5.920000000000000000e+02
5.550000000000000000e+02 5.940000000000000000e+02
6.000000000000000000e+02 5.990000000000000000e+02
3.950000000000000000e+02 6.280000000000000000e+02
4.330000000000000000e+02 6.320000000000000000e+02
4.710000000000000000e+02 6.360000000000000000e+02
5.120000000000000000e+02 6.400000000000000000e+02
5.550000000000000000e+02 6.460000000000000000e+02
6.000000000000000000e+02 6.510000000000000000e+02
3.960000000000000000e+02 6.730000000000000000e+02
4.330000000000000000e+02 6.780000000000000000e+02
4.720000000000000000e+02 6.840000000000000000e+02
5.120000000000000000e+02 6.890000000000000000e+02
5.550000000000000000e+02 6.950000000000000000e+02
6.000000000000000000e+02 7.020000000000000000e+02
3.980000000000000000e+02 7.170000000000000000e+02
4.350000000000000000e+02 7.220000000000000000e+02
4.730000000000000000e+02 7.300000000000000000e+02
5.130000000000000000e+02 7.360000000000000000e+02
5.550000000000000000e+02 7.440000000000000000e+02
5.990000000000000000e+02 7.520000000000000000e+02
4.000000000000000000e+02 7.600000000000000000e+02
4.360000000000000000e+02 7.670000000000000000e+02
4.740000000000000000e+02 7.750000000000000000e+02
5.140000000000000000e+02 7.830000000000000000e+02
5.550000000000000000e+02 7.920000000000000000e+02
5.990000000000000000e+02 8.020000000000000000e+02
4.020000000000000000e+02 8.030000000000000000e+02
4.380000000000000000e+02 8.100000000000000000e+02
4.760000000000000000e+02 8.190000000000000000e+02
5.140000000000000000e+02 8.290000000000000000e+02
5.550000000000000000e+02 8.400000000000000000e+02
5.990000000000000000e+02 8.500000000000000000e+02
6.270000000000000000e+02 5.920000000000000000e+02
6.490000000000000000e+02 5.850000000000000000e+02
6.700000000000000000e+02 5.810000000000000000e+02
6.870000000000000000e+02 5.760000000000000000e+02
6.270000000000000000e+02 6.430000000000000000e+02
6.480000000000000000e+02 6.350000000000000000e+02
6.680000000000000000e+02 6.280000000000000000e+02
6.880000000000000000e+02 6.210000000000000000e+02
6.250000000000000000e+02 6.920000000000000000e+02
6.470000000000000000e+02 6.820000000000000000e+02
6.670000000000000000e+02 6.730000000000000000e+02
6.870000000000000000e+02 6.640000000000000000e+02
6.240000000000000000e+02 7.400000000000000000e+02
6.460000000000000000e+02 7.290000000000000000e+02
6.660000000000000000e+02 7.180000000000000000e+02
6.850000000000000000e+02 7.090000000000000000e+02
6.230000000000000000e+02 7.880000000000000000e+02
6.450000000000000000e+02 7.750000000000000000e+02
6.640000000000000000e+02 7.620000000000000000e+02
6.840000000000000000e+02 7.510000000000000000e+02
6.230000000000000000e+02 8.350000000000000000e+02
6.450000000000000000e+02 8.200000000000000000e+02
6.640000000000000000e+02 8.060000000000000000e+02
6.820000000000000000e+02 7.930000000000000000e+02
